-20130530135414
-20130530135425
-20130530135429
-20130530135509
-20130530135855
-20130530135912
-20130530135920
-20130530140010
-20130530140023
-20130530140628
-20130530140656
-20130530140707
-20130531124827
-20130531125215
-20130531125453
-20130531125500
-20130531125514
-20130531130106
-20130531130342
-20130531130646
-20130531130714
-20130531130736
-20130531130748
-20130531131000
-20130531131126
-20130531131258
-20130531132905
-20130531133318
-20130531133436
-20130531133706
-20130531133855
-20130531134049
-20130531134326
-20130531134425
-20130531134454
-20130531134655
-20130531135047
-20130531140730
-20130531140941
-20130531140959
-20130531141024
-20130531141103
-20130531141210
-20130531141220
-20130531142001
-20130531142223
-20130531142233
-20130531142249
-20130531142448
-20130531142605
-20130531142623
-20130531143039
-20130531143230
-20130531143243
-20130531143855
-20130531143956
-20130531144043
-20130531144056
-20130531144107
-20130531144306
-20130531162444
-20130531162657
-20130531162713
-20130531162843
-20130531163209
-20130620144924
-20130620144937
-20130620144939
-20130620144945
-20130620144951
